// multu $s2, $s3 00000010  00001101
19
00
53
02 
//nop
00
00
00
00
//nop
00
00
00
00
//nop
00
00
00
00
//nop
00
00
00
00
//nop
00
00
00
00
//nop
00
00
00
00
//nop
00
00
00
00
//nop
00
00
00
00
//nop
00
00
00
00
//nop
00
00
00
00
//nop
00
00
00
00
//nop
00
00
00
00
//nop
00
00
00
00
//nop
00
00
00
00
//nop
00
00
00
00
//nop
00
00
00
00
//nop
00
00
00
00
//nop
00
00
00
00
//nop
00
00
00
00
//nop
00
00
00
00
//nop
00
00
00
00
//nop
00
00
00
00
//nop
00
00
00
00
//nop
00
00
00
00
//nop
00
00
00
00
//nop
00
00
00
00
//nop
00
00
00
00
//nop
00
00
00
00
//nop
00
00
00
00
//nop
00
00
00
00
//nop
00
00
00
00
//nop
00
00
00
00
//nop
00
00
00
00
// maddu $s2, $s3
01
00
53
72
//nop
00
00
00
00
//nop
00
00
00
00
//nop
00
00
00
00
//nop
00
00
00
00
//nop
00
00
00
00
//nop
00
00
00
00
//nop
00
00
00
00
//nop
00
00
00
00
//nop
00
00
00
00
//nop
00
00
00
00
//nop
00
00
00
00
//nop
00
00
00
00
//nop
00
00
00
00
//nop
00
00
00
00
//nop
00
00
00
00
//nop
00
00
00
00
//nop
00
00
00
00
//nop
00
00
00
00
//nop
00
00
00
00
//nop
00
00
00
00
//nop
00
00
00
00
//nop
00
00
00
00
//nop
00
00
00
00
//nop
00
00
00
00
//nop
00
00
00
00
//nop
00
00
00
00
//nop
00
00
00
00
//nop
00
00
00
00
//nop
00
00
00
00
//nop
00
00
00
00
//nop
00
00
00
00
//nop
00
00
00
00
//nop
00
00
00
00
// mfhi $s1 000000 0000000000 10001 00000 10000
10
44
00
00
// mflo $s2 000000 0000000000 10010 00000 010010
12
90
00
00
// addiu $s1, $s0 1
01
00
30
26
//nop
00
00
00
00
//nop
00
00
00
00
//nop
00
00
00
00